[alpha]
force = -0.04594270136864337
joint_damping = 0.17750145774618487

