[alpha]
force = 0.221260021710518
joint_damping = -0.19140400723824447

